5.00000000	1.52470072
6.00000000	1.28076186
7.00000000	1.10648560
8.00000000	0.97574917
9.00000000	0.87403989
10.00000000	0.79265013
11.00000000	0.72603867
12.00000000	0.67051134
13.00000000	0.62351063
14.00000000	0.58320972
15.00000000	0.54826896
16.00000000	0.51768358
17.00000000	0.49068523
18.00000000	0.46667629
19.00000000	0.44518496
20.00000000	0.42583378
21.00000000	0.40831719
22.00000000	0.39238518
23.00000000	0.37783122
24.00000000	0.36448319
25.00000000	0.35219651
26.00000000	0.34084883
27.00000000	0.33033594
28.00000000	0.32056849
29.00000000	0.31146948
30.00000000	0.30297216
31.00000000	0.29501838
32.00000000	0.28755727
33.00000000	0.28054412
34.00000000	0.27393948
35.00000000	0.26770841
36.00000000	0.26181984
37.00000000	0.25624606
38.00000000	0.25096228
39.00000000	0.24594625
40.00000000	0.24117794
41.00000000	0.23663928
42.00000000	0.23231392
43.00000000	0.22818701
44.00000000	0.22424507
45.00000000	0.22047582
46.00000000	0.21686803
47.00000000	0.21341143
48.00000000	0.21009662
49.00000000	0.20691494
50.00000000	0.20385844
51.00000000	0.20091979
52.00000000	0.19809222
53.00000000	0.19536948
54.00000000	0.19274577
55.00000000	0.19021571
56.00000000	0.18777431
57.00000000	0.18541694
58.00000000	0.18313928
59.00000000	0.18093728
60.00000000	0.17880719
61.00000000	0.17674550
62.00000000	0.17474892
63.00000000	0.17281436
64.00000000	0.17093895
65.00000000	0.16911996
66.00000000	0.16735485
67.00000000	0.16564123
68.00000000	0.16397684
69.00000000	0.16235955
70.00000000	0.16078738
71.00000000	0.15925841
72.00000000	0.15777087
73.00000000	0.15632307
74.00000000	0.15491341
75.00000000	0.15354038
76.00000000	0.15220255
77.00000000	0.15089855
78.00000000	0.14962710
79.00000000	0.14838697
80.00000000	0.14717701
81.00000000	0.14599609
82.00000000	0.14484318
83.00000000	0.14371727
84.00000000	0.14261740
85.00000000	0.14154267
86.00000000	0.14049221
87.00000000	0.13946518
88.00000000	0.13846081
89.00000000	0.13747833
90.00000000	0.13651703
91.00000000	0.13557621
92.00000000	0.13465521
93.00000000	0.13375340
94.00000000	0.13287018
95.00000000	0.13200497
96.00000000	0.13115721
97.00000000	0.13032637
98.00000000	0.12951193
99.00000000	0.12871341
100.00000000	0.12793034
101.00000000	0.12716226
102.00000000	0.12640873
103.00000000	0.12566935
104.00000000	0.12494370
105.00000000	0.12423140
106.00000000	0.12353208
107.00000000	0.12284538
108.00000000	0.12217095
109.00000000	0.12150846
110.00000000	0.12085760
111.00000000	0.12021804
112.00000000	0.11958950
113.00000000	0.11897168
114.00000000	0.11836430
115.00000000	0.11776711
116.00000000	0.11717983
117.00000000	0.11660223
118.00000000	0.11603405
119.00000000	0.11547506
120.00000000	0.11492504
121.00000000	0.11438377
122.00000000	0.11385104
123.00000000	0.11332664
124.00000000	0.11281037
125.00000000	0.11230205
126.00000000	0.11180148
127.00000000	0.11130850
128.00000000	0.11082291
129.00000000	0.11034455
130.00000000	0.10987327
131.00000000	0.10940890
132.00000000	0.10895128
133.00000000	0.10850027
134.00000000	0.10805572
135.00000000	0.10761749
136.00000000	0.10718545
137.00000000	0.10675945
138.00000000	0.10633938
139.00000000	0.10592511
140.00000000	0.10551651
141.00000000	0.10511346
142.00000000	0.10471586
143.00000000	0.10432359
144.00000000	0.10393654
145.00000000	0.10355461
146.00000000	0.10317768
147.00000000	0.10280567
148.00000000	0.10243847
149.00000000	0.10207600
150.00000000	0.10171814
151.00000000	0.10136483
152.00000000	0.10101597
153.00000000	0.10067147
154.00000000	0.10033125
155.00000000	0.09999523
156.00000000	0.09966333
157.00000000	0.09933548
158.00000000	0.09901159
159.00000000	0.09869160
160.00000000	0.09837543
161.00000000	0.09806302
162.00000000	0.09775429
163.00000000	0.09744919
164.00000000	0.09714764
165.00000000	0.09684958
166.00000000	0.09655495
167.00000000	0.09626370
168.00000000	0.09597575
169.00000000	0.09569106
170.00000000	0.09540957
171.00000000	0.09513122
172.00000000	0.09485596
173.00000000	0.09458374
174.00000000	0.09431450
175.00000000	0.09404820
176.00000000	0.09378479
177.00000000	0.09352422
178.00000000	0.09326644
179.00000000	0.09301141
180.00000000	0.09275908
181.00000000	0.09250942
182.00000000	0.09226236
183.00000000	0.09201789
184.00000000	0.09177594
185.00000000	0.09153649
186.00000000	0.09129949
187.00000000	0.09106491
188.00000000	0.09083271
189.00000000	0.09060285
190.00000000	0.09037530
191.00000000	0.09015001
192.00000000	0.08992697
193.00000000	0.08970612
194.00000000	0.08948744
195.00000000	0.08927090
196.00000000	0.08905646
197.00000000	0.08884410
198.00000000	0.08863378
199.00000000	0.08842547
200.00000000	0.08821915
201.00000000	0.08801478
202.00000000	0.08781233
203.00000000	0.08761179
204.00000000	0.08741312
205.00000000	0.08721629
206.00000000	0.08702128
207.00000000	0.08682806
208.00000000	0.08663661
209.00000000	0.08644690
210.00000000	0.08625892
211.00000000	0.08607262
212.00000000	0.08588800
213.00000000	0.08570503
214.00000000	0.08552369
215.00000000	0.08534395
216.00000000	0.08516579
217.00000000	0.08498920
218.00000000	0.08481414
219.00000000	0.08464061
220.00000000	0.08446857
221.00000000	0.08429802
222.00000000	0.08412892
223.00000000	0.08396127
224.00000000	0.08379504
225.00000000	0.08363022
226.00000000	0.08346678
227.00000000	0.08330471
228.00000000	0.08314399
229.00000000	0.08298461
230.00000000	0.08282654
231.00000000	0.08266977
232.00000000	0.08251429
233.00000000	0.08236008
234.00000000	0.08220711
235.00000000	0.08205539
236.00000000	0.08190488
237.00000000	0.08175559
238.00000000	0.08160748
239.00000000	0.08146055
240.00000000	0.08131479
241.00000000	0.08117017
242.00000000	0.08102669
243.00000000	0.08088433
244.00000000	0.08074308
245.00000000	0.08060293
246.00000000	0.08046385
247.00000000	0.08032585
248.00000000	0.08018890
249.00000000	0.08005300
250.00000000	0.07991813
251.00000000	0.07978428
252.00000000	0.07965143
253.00000000	0.07951959
254.00000000	0.07938873
255.00000000	0.07925884
256.00000000	0.07912992
257.00000000	0.07900195
258.00000000	0.07887493
259.00000000	0.07874883
260.00000000	0.07862365
261.00000000	0.07849939
262.00000000	0.07837602
263.00000000	0.07825355
264.00000000	0.07813196
265.00000000	0.07801123
266.00000000	0.07789137
267.00000000	0.07777236
268.00000000	0.07765420
269.00000000	0.07753686
270.00000000	0.07742036
271.00000000	0.07730466
272.00000000	0.07718978
273.00000000	0.07707569
274.00000000	0.07696240
275.00000000	0.07684988
276.00000000	0.07673814
277.00000000	0.07662717
278.00000000	0.07651695
279.00000000	0.07640748
280.00000000	0.07629875
281.00000000	0.07619076
282.00000000	0.07608350
283.00000000	0.07597695
284.00000000	0.07587112
285.00000000	0.07576599
286.00000000	0.07566155
287.00000000	0.07555781
288.00000000	0.07545475
289.00000000	0.07535237
290.00000000	0.07525066
291.00000000	0.07514961
292.00000000	0.07504922
293.00000000	0.07494948
294.00000000	0.07485038
295.00000000	0.07475192
296.00000000	0.07465408
297.00000000	0.07455688
298.00000000	0.07446029
299.00000000	0.07436432
300.00000000	0.07426895
301.00000000	0.07417418
302.00000000	0.07408001
303.00000000	0.07398643
304.00000000	0.07389343
305.00000000	0.07380102
306.00000000	0.07370917
307.00000000	0.07361789
308.00000000	0.07352717
309.00000000	0.07343701
310.00000000	0.07334741
311.00000000	0.07325834
312.00000000	0.07316982
313.00000000	0.07308184
314.00000000	0.07299439
315.00000000	0.07290746
316.00000000	0.07282106
317.00000000	0.07273517
318.00000000	0.07264980
319.00000000	0.07256493
320.00000000	0.07248057
321.00000000	0.07239670
322.00000000	0.07231333
323.00000000	0.07223045
324.00000000	0.07214805
325.00000000	0.07206614
326.00000000	0.07198470
327.00000000	0.07190373
328.00000000	0.07182323
329.00000000	0.07174320
330.00000000	0.07166363
331.00000000	0.07158451
332.00000000	0.07150584
333.00000000	0.07142762
334.00000000	0.07134985
335.00000000	0.07127251
336.00000000	0.07119562
337.00000000	0.07111915
338.00000000	0.07104312
339.00000000	0.07096751
340.00000000	0.07089232
341.00000000	0.07081755
342.00000000	0.07074319
343.00000000	0.07066925
344.00000000	0.07059571
345.00000000	0.07052258
346.00000000	0.07044985
347.00000000	0.07037752
348.00000000	0.07030558
349.00000000	0.07023403
350.00000000	0.07016287
351.00000000	0.07009209
352.00000000	0.07002170
353.00000000	0.06995168
354.00000000	0.06988204
355.00000000	0.06981277
356.00000000	0.06974387
357.00000000	0.06967534
358.00000000	0.06960717
359.00000000	0.06953936
360.00000000	0.06947191
361.00000000	0.06940481
362.00000000	0.06933806
363.00000000	0.06927166
364.00000000	0.06920561
365.00000000	0.06913990
366.00000000	0.06907453
367.00000000	0.06900950
368.00000000	0.06894481
369.00000000	0.06888045
370.00000000	0.06881641
371.00000000	0.06875271
372.00000000	0.06868933
373.00000000	0.06862627
374.00000000	0.06856353
375.00000000	0.06850111
376.00000000	0.06843901
377.00000000	0.06837722
378.00000000	0.06831573
379.00000000	0.06825456
380.00000000	0.06819369
381.00000000	0.06813312
382.00000000	0.06807286
383.00000000	0.06801289
384.00000000	0.06795322
385.00000000	0.06789384
386.00000000	0.06783476
387.00000000	0.06777596
388.00000000	0.06771746
389.00000000	0.06765923
390.00000000	0.06760130
391.00000000	0.06754364
392.00000000	0.06748626
393.00000000	0.06742916
394.00000000	0.06737233
395.00000000	0.06731578
396.00000000	0.06725950
397.00000000	0.06720348
398.00000000	0.06714774
399.00000000	0.06709226
400.00000000	0.06703704
401.00000000	0.06698208
402.00000000	0.06692739
403.00000000	0.06687295
404.00000000	0.06681876
405.00000000	0.06676483
406.00000000	0.06671116
407.00000000	0.06665773
408.00000000	0.06660455
409.00000000	0.06655162
410.00000000	0.06649893
411.00000000	0.06644649
412.00000000	0.06639429
413.00000000	0.06634232
414.00000000	0.06629060
415.00000000	0.06623911
416.00000000	0.06618786
417.00000000	0.06613684
418.00000000	0.06608606
419.00000000	0.06603550
420.00000000	0.06598517
421.00000000	0.06593507
422.00000000	0.06588519
423.00000000	0.06583554
424.00000000	0.06578611
425.00000000	0.06573690
426.00000000	0.06568791
427.00000000	0.06563914
428.00000000	0.06559059
429.00000000	0.06554225
430.00000000	0.06549412
431.00000000	0.06544620
432.00000000	0.06539850
433.00000000	0.06535100
434.00000000	0.06530372
435.00000000	0.06525664
436.00000000	0.06520976
437.00000000	0.06516309
438.00000000	0.06511662
439.00000000	0.06507035
440.00000000	0.06502428
441.00000000	0.06497841
442.00000000	0.06493274
443.00000000	0.06488726
444.00000000	0.06484198
445.00000000	0.06479689
446.00000000	0.06475199
447.00000000	0.06470728
448.00000000	0.06466276
449.00000000	0.06461844
450.00000000	0.06457429
451.00000000	0.06453034
452.00000000	0.06448657
453.00000000	0.06444298
454.00000000	0.06439957
455.00000000	0.06435635
456.00000000	0.06431331
457.00000000	0.06427044
458.00000000	0.06422775
459.00000000	0.06418524
460.00000000	0.06414291
461.00000000	0.06410075
462.00000000	0.06405876
463.00000000	0.06401695
464.00000000	0.06397530
465.00000000	0.06393383
466.00000000	0.06389252
467.00000000	0.06385139
468.00000000	0.06381042
469.00000000	0.06376962
470.00000000	0.06372898
471.00000000	0.06368850
472.00000000	0.06364819
473.00000000	0.06360804
474.00000000	0.06356806
475.00000000	0.06352823
476.00000000	0.06348856
477.00000000	0.06344905
478.00000000	0.06340969
479.00000000	0.06337050
480.00000000	0.06333145
481.00000000	0.06329256
482.00000000	0.06325383
483.00000000	0.06321525
484.00000000	0.06317682
485.00000000	0.06313854
486.00000000	0.06310041
487.00000000	0.06306242
488.00000000	0.06302459
489.00000000	0.06298690
490.00000000	0.06294936
491.00000000	0.06291197
492.00000000	0.06287472
493.00000000	0.06283761
494.00000000	0.06280065
495.00000000	0.06276382
496.00000000	0.06272714
497.00000000	0.06269060
498.00000000	0.06265420
499.00000000	0.06261794
500.00000000	0.06258182
501.00000000	0.06254583
502.00000000	0.06250998
503.00000000	0.06247426
504.00000000	0.06243868
505.00000000	0.06240324
506.00000000	0.06236792
507.00000000	0.06233274
508.00000000	0.06229769
509.00000000	0.06226278
510.00000000	0.06222799
511.00000000	0.06219333
512.00000000	0.06215880
513.00000000	0.06212440
514.00000000	0.06209012
515.00000000	0.06205598
516.00000000	0.06202195
517.00000000	0.06198806
518.00000000	0.06195429
519.00000000	0.06192064
520.00000000	0.06188711
521.00000000	0.06185371
522.00000000	0.06182043
523.00000000	0.06178727
524.00000000	0.06175423
525.00000000	0.06172131
526.00000000	0.06168851
527.00000000	0.06165583
528.00000000	0.06162326
529.00000000	0.06159082
530.00000000	0.06155849
531.00000000	0.06152627
532.00000000	0.06149417
533.00000000	0.06146219
534.00000000	0.06143032
535.00000000	0.06139856
536.00000000	0.06136691
537.00000000	0.06133538
538.00000000	0.06130396
539.00000000	0.06127265
540.00000000	0.06124145
541.00000000	0.06121036
542.00000000	0.06117938
543.00000000	0.06114851
544.00000000	0.06111775
545.00000000	0.06108709
546.00000000	0.06105654
547.00000000	0.06102610
548.00000000	0.06099576
549.00000000	0.06096553
550.00000000	0.06093540
551.00000000	0.06090538
552.00000000	0.06087546
553.00000000	0.06084564
554.00000000	0.06081592
555.00000000	0.06078631
556.00000000	0.06075680
557.00000000	0.06072739
558.00000000	0.06069808
559.00000000	0.06066887
560.00000000	0.06063976
561.00000000	0.06061075
562.00000000	0.06058184
563.00000000	0.06055302
564.00000000	0.06052430
565.00000000	0.06049568
566.00000000	0.06046716
567.00000000	0.06043873
568.00000000	0.06041039
569.00000000	0.06038215
570.00000000	0.06035401
571.00000000	0.06032596
572.00000000	0.06029800
573.00000000	0.06027014
574.00000000	0.06024237
575.00000000	0.06021469
576.00000000	0.06018710
577.00000000	0.06015960
578.00000000	0.06013219
579.00000000	0.06010488
580.00000000	0.06007765
581.00000000	0.06005051
582.00000000	0.06002347
583.00000000	0.05999651
584.00000000	0.05996963
585.00000000	0.05994285
586.00000000	0.05991615
587.00000000	0.05988954
588.00000000	0.05986302
589.00000000	0.05983658
590.00000000	0.05981023
591.00000000	0.05978396
592.00000000	0.05975777
593.00000000	0.05973167
594.00000000	0.05970566
595.00000000	0.05967973
596.00000000	0.05965388
597.00000000	0.05962811
598.00000000	0.05960243
599.00000000	0.05957682
600.00000000	0.05955130
601.00000000	0.05952586
602.00000000	0.05950050
603.00000000	0.05947522
604.00000000	0.05945002
605.00000000	0.05942490
606.00000000	0.05939986
607.00000000	0.05937490
608.00000000	0.05935001
609.00000000	0.05932521
610.00000000	0.05930048
611.00000000	0.05927582
612.00000000	0.05925125
613.00000000	0.05922675
614.00000000	0.05920233
615.00000000	0.05917798
616.00000000	0.05915371
617.00000000	0.05912951
618.00000000	0.05910539
619.00000000	0.05908135
620.00000000	0.05905737
621.00000000	0.05903347
622.00000000	0.05900965
623.00000000	0.05898589
624.00000000	0.05896221
625.00000000	0.05893860
626.00000000	0.05891507
627.00000000	0.05889160
628.00000000	0.05886821
629.00000000	0.05884489
630.00000000	0.05882163
631.00000000	0.05879845
632.00000000	0.05877534
633.00000000	0.05875230
634.00000000	0.05872933
635.00000000	0.05870642
636.00000000	0.05868359
637.00000000	0.05866082
638.00000000	0.05863812
639.00000000	0.05861549
640.00000000	0.05859293
641.00000000	0.05857043
642.00000000	0.05854800
643.00000000	0.05852564
644.00000000	0.05850334
645.00000000	0.05848111
646.00000000	0.05845895
647.00000000	0.05843685
648.00000000	0.05841482
649.00000000	0.05839285
650.00000000	0.05837094
651.00000000	0.05834910
652.00000000	0.05832733
653.00000000	0.05830561
654.00000000	0.05828396
655.00000000	0.05826238
656.00000000	0.05824085
657.00000000	0.05821939
658.00000000	0.05819799
659.00000000	0.05817666
660.00000000	0.05815538
661.00000000	0.05813417
662.00000000	0.05811302
663.00000000	0.05809193
664.00000000	0.05807090
665.00000000	0.05804993
666.00000000	0.05802902
667.00000000	0.05800816
668.00000000	0.05798737
669.00000000	0.05796664
670.00000000	0.05794597
671.00000000	0.05792536
672.00000000	0.05790480
673.00000000	0.05788431
674.00000000	0.05786387
675.00000000	0.05784349
676.00000000	0.05782316
677.00000000	0.05780290
678.00000000	0.05778269
679.00000000	0.05776254
680.00000000	0.05774244
681.00000000	0.05772241
682.00000000	0.05770242
683.00000000	0.05768250
684.00000000	0.05766263
685.00000000	0.05764281
686.00000000	0.05762305
687.00000000	0.05760335
688.00000000	0.05758370
689.00000000	0.05756410
690.00000000	0.05754456
691.00000000	0.05752507
692.00000000	0.05750564
693.00000000	0.05748626
694.00000000	0.05746693
695.00000000	0.05744765
696.00000000	0.05742843
697.00000000	0.05740927
698.00000000	0.05739015
699.00000000	0.05737109
700.00000000	0.05735208
701.00000000	0.05733312
702.00000000	0.05731421
703.00000000	0.05729535
704.00000000	0.05727655
705.00000000	0.05725779
706.00000000	0.05723909
707.00000000	0.05722044
708.00000000	0.05720183
709.00000000	0.05718328
710.00000000	0.05716478
711.00000000	0.05714633
712.00000000	0.05712792
713.00000000	0.05710957
714.00000000	0.05709127
715.00000000	0.05707301
716.00000000	0.05705480
717.00000000	0.05703665
718.00000000	0.05701854
719.00000000	0.05700047
720.00000000	0.05698246
721.00000000	0.05696450
722.00000000	0.05694658
723.00000000	0.05692871
724.00000000	0.05691088
725.00000000	0.05689311
726.00000000	0.05687538
727.00000000	0.05685769
728.00000000	0.05684006
729.00000000	0.05682247
730.00000000	0.05680492
731.00000000	0.05678742
732.00000000	0.05676997
733.00000000	0.05675256
734.00000000	0.05673520
735.00000000	0.05671788
736.00000000	0.05670061
737.00000000	0.05668339
738.00000000	0.05666620
739.00000000	0.05664907
740.00000000	0.05663197
741.00000000	0.05661492
742.00000000	0.05659792
743.00000000	0.05658096
744.00000000	0.05656404
745.00000000	0.05654717
746.00000000	0.05653034
747.00000000	0.05651355
748.00000000	0.05649680
749.00000000	0.05648010
750.00000000	0.05646344
751.00000000	0.05644682
752.00000000	0.05643025
753.00000000	0.05641372
754.00000000	0.05639723
755.00000000	0.05638078
756.00000000	0.05636437
757.00000000	0.05634801
758.00000000	0.05633168
759.00000000	0.05631540
760.00000000	0.05629916
761.00000000	0.05628296
762.00000000	0.05626679
763.00000000	0.05625067
764.00000000	0.05623460
765.00000000	0.05621856
766.00000000	0.05620256
767.00000000	0.05618660
768.00000000	0.05617068
769.00000000	0.05615480
770.00000000	0.05613896
771.00000000	0.05612316
772.00000000	0.05610739
773.00000000	0.05609167
774.00000000	0.05607599
775.00000000	0.05606034
776.00000000	0.05604474
777.00000000	0.05602917
778.00000000	0.05601364
779.00000000	0.05599815
780.00000000	0.05598269
781.00000000	0.05596728
782.00000000	0.05595190
783.00000000	0.05593656
784.00000000	0.05592126
785.00000000	0.05590599
786.00000000	0.05589076
787.00000000	0.05587557
788.00000000	0.05586042
789.00000000	0.05584530
790.00000000	0.05583022
791.00000000	0.05581518
792.00000000	0.05580017
793.00000000	0.05578520
794.00000000	0.05577026
795.00000000	0.05575536
796.00000000	0.05574050
797.00000000	0.05572567
798.00000000	0.05571088
799.00000000	0.05569612
800.00000000	0.05568140
801.00000000	0.05566672
802.00000000	0.05565207
803.00000000	0.05563745
804.00000000	0.05562287
805.00000000	0.05560832
806.00000000	0.05559381
807.00000000	0.05557933
808.00000000	0.05556489
809.00000000	0.05555048
810.00000000	0.05553611
811.00000000	0.05552177
812.00000000	0.05550746
813.00000000	0.05549319
814.00000000	0.05547895
815.00000000	0.05546474
816.00000000	0.05545057
817.00000000	0.05543643
818.00000000	0.05542232
819.00000000	0.05540825
820.00000000	0.05539421
821.00000000	0.05538020
822.00000000	0.05536623
823.00000000	0.05535228
824.00000000	0.05533837
825.00000000	0.05532450
826.00000000	0.05531065
827.00000000	0.05529684
828.00000000	0.05528306
829.00000000	0.05526931
830.00000000	0.05525559
831.00000000	0.05524190
832.00000000	0.05522825
833.00000000	0.05521463
834.00000000	0.05520103
835.00000000	0.05518747
836.00000000	0.05517394
837.00000000	0.05516045
838.00000000	0.05514698
839.00000000	0.05513354
840.00000000	0.05512014
841.00000000	0.05510676
842.00000000	0.05509342
843.00000000	0.05508010
844.00000000	0.05506682
845.00000000	0.05505356
846.00000000	0.05504034
847.00000000	0.05502715
848.00000000	0.05501398
849.00000000	0.05500085
850.00000000	0.05498774
851.00000000	0.05497467
852.00000000	0.05496162
853.00000000	0.05494860
854.00000000	0.05493562
855.00000000	0.05492266
856.00000000	0.05490973
857.00000000	0.05489683
858.00000000	0.05488396
859.00000000	0.05487112
860.00000000	0.05485830
861.00000000	0.05484552
862.00000000	0.05483276
863.00000000	0.05482003
864.00000000	0.05480733
865.00000000	0.05479466
866.00000000	0.05478202
867.00000000	0.05476940
868.00000000	0.05475681
869.00000000	0.05474425
870.00000000	0.05473172
871.00000000	0.05471922
872.00000000	0.05470674
873.00000000	0.05469429
874.00000000	0.05468187
875.00000000	0.05466947
876.00000000	0.05465710
877.00000000	0.05464476
878.00000000	0.05463245
879.00000000	0.05462016
880.00000000	0.05460790
881.00000000	0.05459567
882.00000000	0.05458346
883.00000000	0.05457128
884.00000000	0.05455913
885.00000000	0.05454700
886.00000000	0.05453490
887.00000000	0.05452282
888.00000000	0.05451077
889.00000000	0.05449875
890.00000000	0.05448675
891.00000000	0.05447478
892.00000000	0.05446284
893.00000000	0.05445092
894.00000000	0.05443902
895.00000000	0.05442715
896.00000000	0.05441531
897.00000000	0.05440349
898.00000000	0.05439170
899.00000000	0.05437993
900.00000000	0.05436819
901.00000000	0.05435648
902.00000000	0.05434478
903.00000000	0.05433312
904.00000000	0.05432147
905.00000000	0.05430986
906.00000000	0.05429826
907.00000000	0.05428669
908.00000000	0.05427515
909.00000000	0.05426363
910.00000000	0.05425213
911.00000000	0.05424066
912.00000000	0.05422922
913.00000000	0.05421779
914.00000000	0.05420639
915.00000000	0.05419502
916.00000000	0.05418367
917.00000000	0.05417234
918.00000000	0.05416104
919.00000000	0.05414976
920.00000000	0.05413850
921.00000000	0.05412727
922.00000000	0.05411606
923.00000000	0.05410487
924.00000000	0.05409371
925.00000000	0.05408257
926.00000000	0.05407145
927.00000000	0.05406036
928.00000000	0.05404929
929.00000000	0.05403824
930.00000000	0.05402722
931.00000000	0.05401622
932.00000000	0.05400524
933.00000000	0.05399428
934.00000000	0.05398335
935.00000000	0.05397243
936.00000000	0.05396155
937.00000000	0.05395068
938.00000000	0.05393983
939.00000000	0.05392901
940.00000000	0.05391821
941.00000000	0.05390743
942.00000000	0.05389668
943.00000000	0.05388594
944.00000000	0.05387523
945.00000000	0.05386454
946.00000000	0.05385387
947.00000000	0.05384322
948.00000000	0.05383260
949.00000000	0.05382199
950.00000000	0.05381141
951.00000000	0.05380085
952.00000000	0.05379031
953.00000000	0.05377979
954.00000000	0.05376929
955.00000000	0.05375882
956.00000000	0.05374836
957.00000000	0.05373793
958.00000000	0.05372752
959.00000000	0.05371712
960.00000000	0.05370675
961.00000000	0.05369640
962.00000000	0.05368607
963.00000000	0.05367576
964.00000000	0.05366547
965.00000000	0.05365520
966.00000000	0.05364496
967.00000000	0.05363473
968.00000000	0.05362452
969.00000000	0.05361434
970.00000000	0.05360417
971.00000000	0.05359402
972.00000000	0.05358390
973.00000000	0.05357379
974.00000000	0.05356370
975.00000000	0.05355364
976.00000000	0.05354359
977.00000000	0.05353356
978.00000000	0.05352356
979.00000000	0.05351357
980.00000000	0.05350360
981.00000000	0.05349365
982.00000000	0.05348372
983.00000000	0.05347381
984.00000000	0.05346392
985.00000000	0.05345405
986.00000000	0.05344420
987.00000000	0.05343437
988.00000000	0.05342456
989.00000000	0.05341476
990.00000000	0.05340499
991.00000000	0.05339523
992.00000000	0.05338549
993.00000000	0.05337577
994.00000000	0.05336608
995.00000000	0.05335640
996.00000000	0.05334673
997.00000000	0.05333709
998.00000000	0.05332747
999.00000000	0.05331786
1000.00000000	0.05330827
1001.00000000	0.05329870
1002.00000000	0.05328915
1003.00000000	0.05327962
1004.00000000	0.05327011
1005.00000000	0.05326061
1006.00000000	0.05325113
1007.00000000	0.05324167
1008.00000000	0.05323223
1009.00000000	0.05322281
1010.00000000	0.05321340
1011.00000000	0.05320401
1012.00000000	0.05319464
1013.00000000	0.05318529
1014.00000000	0.05317596
1015.00000000	0.05316664
1016.00000000	0.05315734
1017.00000000	0.05314806
1018.00000000	0.05313880
1019.00000000	0.05312955
1020.00000000	0.05312032
1021.00000000	0.05311111
1022.00000000	0.05310192
1023.00000000	0.05309274
1024.00000000	0.05308358
1025.00000000	0.05307444
1026.00000000	0.05306531
1027.00000000	0.05305621
1028.00000000	0.05304711
1029.00000000	0.05303804
1030.00000000	0.05302898
1031.00000000	0.05301994
1032.00000000	0.05301092
1033.00000000	0.05300192
1034.00000000	0.05299293
1035.00000000	0.05298395
1036.00000000	0.05297500
1037.00000000	0.05296606
1038.00000000	0.05295713
1039.00000000	0.05294823
1040.00000000	0.05293934
1041.00000000	0.05293047
1042.00000000	0.05292161
1043.00000000	0.05291277
1044.00000000	0.05290394
1045.00000000	0.05289514
1046.00000000	0.05288634
1047.00000000	0.05287757
1048.00000000	0.05286881
1049.00000000	0.05286007
1050.00000000	0.05285134
1051.00000000	0.05284263
1052.00000000	0.05283393
1053.00000000	0.05282525
1054.00000000	0.05281659
1055.00000000	0.05280794
1056.00000000	0.05279931
1057.00000000	0.05279069
1058.00000000	0.05278209
1059.00000000	0.05277351
1060.00000000	0.05276494
1061.00000000	0.05275639
1062.00000000	0.05274785
1063.00000000	0.05273932
1064.00000000	0.05273082
1065.00000000	0.05272233
1066.00000000	0.05271385
1067.00000000	0.05270539
1068.00000000	0.05269694
1069.00000000	0.05268851
1070.00000000	0.05268010
1071.00000000	0.05267170
1072.00000000	0.05266331
1073.00000000	0.05265494
1074.00000000	0.05264659
1075.00000000	0.05263825
1076.00000000	0.05262992
1077.00000000	0.05262161
1078.00000000	0.05261331
1079.00000000	0.05260503
1080.00000000	0.05259677
1081.00000000	0.05258852
1082.00000000	0.05258028
1083.00000000	0.05257206
1084.00000000	0.05256385
1085.00000000	0.05255566
1086.00000000	0.05254748
1087.00000000	0.05253932
1088.00000000	0.05253117
1089.00000000	0.05252304
1090.00000000	0.05251492
1091.00000000	0.05250681
1092.00000000	0.05249872
1093.00000000	0.05249064
1094.00000000	0.05248258
1095.00000000	0.05247453
1096.00000000	0.05246649
1097.00000000	0.05245847
1098.00000000	0.05245047
1099.00000000	0.05244248
1100.00000000	0.05243450
1101.00000000	0.05242653
1102.00000000	0.05241858
1103.00000000	0.05241065
1104.00000000	0.05240272
1105.00000000	0.05239482
1106.00000000	0.05238692
1107.00000000	0.05237904
1108.00000000	0.05237117
1109.00000000	0.05236332
1110.00000000	0.05235548
1111.00000000	0.05234765
1112.00000000	0.05233984
1113.00000000	0.05233204
1114.00000000	0.05232425
1115.00000000	0.05231648
1116.00000000	0.05230872
1117.00000000	0.05230098
1118.00000000	0.05229324
1119.00000000	0.05228552
1120.00000000	0.05227782
1121.00000000	0.05227013
1122.00000000	0.05226245
1123.00000000	0.05225478
1124.00000000	0.05224713
1125.00000000	0.05223949
1126.00000000	0.05223186
1127.00000000	0.05222425
1128.00000000	0.05221665
1129.00000000	0.05220906
1130.00000000	0.05220149
1131.00000000	0.05219393
1132.00000000	0.05218638
1133.00000000	0.05217884
1134.00000000	0.05217132
1135.00000000	0.05216381
1136.00000000	0.05215631
1137.00000000	0.05214883
1138.00000000	0.05214135
1139.00000000	0.05213390
1140.00000000	0.05212645
1141.00000000	0.05211901
1142.00000000	0.05211159
1143.00000000	0.05210418
1144.00000000	0.05209679
1145.00000000	0.05208940
1146.00000000	0.05208203
1147.00000000	0.05207467
1148.00000000	0.05206733
1149.00000000	0.05205999
1150.00000000	0.05205267
1151.00000000	0.05204536
1152.00000000	0.05203806
1153.00000000	0.05203078
1154.00000000	0.05202350
1155.00000000	0.05201624
1156.00000000	0.05200899
1157.00000000	0.05200176
1158.00000000	0.05199453
1159.00000000	0.05198732
1160.00000000	0.05198012
1161.00000000	0.05197293
1162.00000000	0.05196575
1163.00000000	0.05195859
1164.00000000	0.05195144
1165.00000000	0.05194430
1166.00000000	0.05193717
1167.00000000	0.05193005
1168.00000000	0.05192294
1169.00000000	0.05191585
1170.00000000	0.05190877
1171.00000000	0.05190170
1172.00000000	0.05189464
1173.00000000	0.05188759
1174.00000000	0.05188055
1175.00000000	0.05187353
1176.00000000	0.05186652
1177.00000000	0.05185952
1178.00000000	0.05185253
1179.00000000	0.05184555
1180.00000000	0.05183858
1181.00000000	0.05183163
1182.00000000	0.05182468
1183.00000000	0.05181775
1184.00000000	0.05181083
1185.00000000	0.05180392
1186.00000000	0.05179702
1187.00000000	0.05179013
1188.00000000	0.05178326
1189.00000000	0.05177639
1190.00000000	0.05176954
1191.00000000	0.05176269
1192.00000000	0.05175586
1193.00000000	0.05174904
1194.00000000	0.05174223
1195.00000000	0.05173543
1196.00000000	0.05172865
1197.00000000	0.05172187
1198.00000000	0.05171510
1199.00000000	0.05170835
1200.00000000	0.05170160
1201.00000000	0.05169487
1202.00000000	0.05168815
1203.00000000	0.05168144
1204.00000000	0.05167474
1205.00000000	0.05166805
1206.00000000	0.05166137
1207.00000000	0.05165470
1208.00000000	0.05164804
1209.00000000	0.05164139
1210.00000000	0.05163476
1211.00000000	0.05162813
1212.00000000	0.05162152
1213.00000000	0.05161491
1214.00000000	0.05160832
1215.00000000	0.05160173
1216.00000000	0.05159516
1217.00000000	0.05158860
1218.00000000	0.05158204
1219.00000000	0.05157550
1220.00000000	0.05156897
1221.00000000	0.05156245
1222.00000000	0.05155594
1223.00000000	0.05154944
1224.00000000	0.05154294
1225.00000000	0.05153646
1226.00000000	0.05152999
1227.00000000	0.05152353
1228.00000000	0.05151708
1229.00000000	0.05151064
1230.00000000	0.05150421
1231.00000000	0.05149780
1232.00000000	0.05149139
1233.00000000	0.05148499
1234.00000000	0.05147860
1235.00000000	0.05147222
1236.00000000	0.05146585
1237.00000000	0.05145949
1238.00000000	0.05145314
1239.00000000	0.05144680
1240.00000000	0.05144047
1241.00000000	0.05143415
1242.00000000	0.05142784
1243.00000000	0.05142154
1244.00000000	0.05141525
1245.00000000	0.05140897
1246.00000000	0.05140270
1247.00000000	0.05139644
1248.00000000	0.05139019
1249.00000000	0.05138395
1250.00000000	0.05137771
1251.00000000	0.05137149
1252.00000000	0.05136528
1253.00000000	0.05135907
1254.00000000	0.05135288
1255.00000000	0.05134670
1256.00000000	0.05134052
1257.00000000	0.05133436
1258.00000000	0.05132820
1259.00000000	0.05132206
1260.00000000	0.05131592
1261.00000000	0.05130979
1262.00000000	0.05130367
1263.00000000	0.05129757
1264.00000000	0.05129147
1265.00000000	0.05128538
1266.00000000	0.05127930
1267.00000000	0.05127322
1268.00000000	0.05126716
1269.00000000	0.05126111
1270.00000000	0.05125507
1271.00000000	0.05124903
1272.00000000	0.05124301
1273.00000000	0.05123699
1274.00000000	0.05123098
1275.00000000	0.05122499
1276.00000000	0.05121900
1277.00000000	0.05121302
1278.00000000	0.05120705
1279.00000000	0.05120109
1280.00000000	0.05119513
1281.00000000	0.05118919
1282.00000000	0.05118326
1283.00000000	0.05117733
1284.00000000	0.05117141
1285.00000000	0.05116551
1286.00000000	0.05115961
1287.00000000	0.05115372
1288.00000000	0.05114784
1289.00000000	0.05114196
1290.00000000	0.05113610
1291.00000000	0.05113025
1292.00000000	0.05112440
1293.00000000	0.05111856
1294.00000000	0.05111273
1295.00000000	0.05110691
1296.00000000	0.05110110
1297.00000000	0.05109530
1298.00000000	0.05108951
1299.00000000	0.05108372
1300.00000000	0.05107795
1301.00000000	0.05107218
1302.00000000	0.05106642
1303.00000000	0.05106067
1304.00000000	0.05105493
1305.00000000	0.05104919
1306.00000000	0.05104347
1307.00000000	0.05103775
1308.00000000	0.05103204
1309.00000000	0.05102634
1310.00000000	0.05102065
1311.00000000	0.05101497
1312.00000000	0.05100929
1313.00000000	0.05100363
1314.00000000	0.05099797
1315.00000000	0.05099232
1316.00000000	0.05098668
1317.00000000	0.05098105
1318.00000000	0.05097542
1319.00000000	0.05096981
1320.00000000	0.05096420
1321.00000000	0.05095860
1322.00000000	0.05095301
1323.00000000	0.05094742
1324.00000000	0.05094185
1325.00000000	0.05093628
1326.00000000	0.05093072
1327.00000000	0.05092517
1328.00000000	0.05091963
1329.00000000	0.05091409
1330.00000000	0.05090857
1331.00000000	0.05090305
1332.00000000	0.05089754
1333.00000000	0.05089203
1334.00000000	0.05088654
1335.00000000	0.05088105
1336.00000000	0.05087557
1337.00000000	0.05087010
1338.00000000	0.05086464
1339.00000000	0.05085918
1340.00000000	0.05085374
1341.00000000	0.05084830
1342.00000000	0.05084287
1343.00000000	0.05083744
1344.00000000	0.05083203
1345.00000000	0.05082662
1346.00000000	0.05082122
1347.00000000	0.05081583
1348.00000000	0.05081044
1349.00000000	0.05080507
1350.00000000	0.05079970
1351.00000000	0.05079434
1352.00000000	0.05078898
1353.00000000	0.05078364
1354.00000000	0.05077830
1355.00000000	0.05077297
1356.00000000	0.05076764
1357.00000000	0.05076233
1358.00000000	0.05075702
1359.00000000	0.05075172
1360.00000000	0.05074643
1361.00000000	0.05074114
1362.00000000	0.05073586
1363.00000000	0.05073059
1364.00000000	0.05072533
1365.00000000	0.05072007
1366.00000000	0.05071483
1367.00000000	0.05070958
1368.00000000	0.05070435
1369.00000000	0.05069913
1370.00000000	0.05069391
1371.00000000	0.05068870
1372.00000000	0.05068349
1373.00000000	0.05067830
1374.00000000	0.05067311
1375.00000000	0.05066793
1376.00000000	0.05066275
1377.00000000	0.05065759
1378.00000000	0.05065243
1379.00000000	0.05064727
1380.00000000	0.05064213
1381.00000000	0.05063699
1382.00000000	0.05063186
1383.00000000	0.05062674
1384.00000000	0.05062162
1385.00000000	0.05061651
1386.00000000	0.05061141
1387.00000000	0.05060631
1388.00000000	0.05060122
1389.00000000	0.05059614
1390.00000000	0.05059107
1391.00000000	0.05058600
1392.00000000	0.05058094
1393.00000000	0.05057589
1394.00000000	0.05057085
1395.00000000	0.05056581
1396.00000000	0.05056078
1397.00000000	0.05055575
1398.00000000	0.05055073
1399.00000000	0.05054572
1400.00000000	0.05054072
1401.00000000	0.05053572
1402.00000000	0.05053073
1403.00000000	0.05052575
1404.00000000	0.05052077
1405.00000000	0.05051580
1406.00000000	0.05051084
1407.00000000	0.05050589
1408.00000000	0.05050094
1409.00000000	0.05049600
1410.00000000	0.05049106
1411.00000000	0.05048613
1412.00000000	0.05048121
1413.00000000	0.05047630
1414.00000000	0.05047139
1415.00000000	0.05046649
1416.00000000	0.05046159
1417.00000000	0.05045670
1418.00000000	0.05045182
1419.00000000	0.05044695
1420.00000000	0.05044208
1421.00000000	0.05043722
1422.00000000	0.05043236
1423.00000000	0.05042752
1424.00000000	0.05042268
1425.00000000	0.05041784
1426.00000000	0.05041301
1427.00000000	0.05040819
1428.00000000	0.05040338
1429.00000000	0.05039857
1430.00000000	0.05039376
1431.00000000	0.05038897
1432.00000000	0.05038418
1433.00000000	0.05037940
1434.00000000	0.05037462
1435.00000000	0.05036985
1436.00000000	0.05036509
1437.00000000	0.05036033
1438.00000000	0.05035558
1439.00000000	0.05035084
1440.00000000	0.05034610
1441.00000000	0.05034137
1442.00000000	0.05033664
1443.00000000	0.05033193
1444.00000000	0.05032721
1445.00000000	0.05032251
1446.00000000	0.05031781
1447.00000000	0.05031311
1448.00000000	0.05030843
1449.00000000	0.05030375
1450.00000000	0.05029907
1451.00000000	0.05029440
1452.00000000	0.05028974
1453.00000000	0.05028509
1454.00000000	0.05028044
1455.00000000	0.05027579
1456.00000000	0.05027116
1457.00000000	0.05026653
1458.00000000	0.05026190
1459.00000000	0.05025728
1460.00000000	0.05025267
1461.00000000	0.05024806
1462.00000000	0.05024346
1463.00000000	0.05023887
1464.00000000	0.05023428
1465.00000000	0.05022970
1466.00000000	0.05022512
1467.00000000	0.05022055
1468.00000000	0.05021599
1469.00000000	0.05021143
1470.00000000	0.05020688
1471.00000000	0.05020234
1472.00000000	0.05019780
1473.00000000	0.05019326
1474.00000000	0.05018873
1475.00000000	0.05018421
1476.00000000	0.05017970
1477.00000000	0.05017519
1478.00000000	0.05017068
1479.00000000	0.05016618
1480.00000000	0.05016169
1481.00000000	0.05015721
1482.00000000	0.05015273
1483.00000000	0.05014825
1484.00000000	0.05014378
1485.00000000	0.05013932
1486.00000000	0.05013486
1487.00000000	0.05013041
1488.00000000	0.05012597
1489.00000000	0.05012153
1490.00000000	0.05011709
1491.00000000	0.05011266
1492.00000000	0.05010824
1493.00000000	0.05010383
1494.00000000	0.05009941
1495.00000000	0.05009501
1496.00000000	0.05009061
1497.00000000	0.05008622
1498.00000000	0.05008183
1499.00000000	0.05007745
1500.00000000	0.05007307
1501.00000000	0.05006870
1502.00000000	0.05006433
1503.00000000	0.05005997
1504.00000000	0.05005562
1505.00000000	0.05005127
1506.00000000	0.05004693
1507.00000000	0.05004259
1508.00000000	0.05003826
1509.00000000	0.05003393
1510.00000000	0.05002961
1511.00000000	0.05002530
1512.00000000	0.05002099
1513.00000000	0.05001668
1514.00000000	0.05001239
1515.00000000	0.05000809
1516.00000000	0.05000381
1517.00000000	0.04999952
1518.00000000	0.04999525
1519.00000000	0.04999098
1520.00000000	0.04998671
1521.00000000	0.04998245
1522.00000000	0.04997820
1523.00000000	0.04997395
1524.00000000	0.04996970
1525.00000000	0.04996546
1526.00000000	0.04996123
1527.00000000	0.04995700
1528.00000000	0.04995278
1529.00000000	0.04994857
1530.00000000	0.04994435
1531.00000000	0.04994015
1532.00000000	0.04993595
1533.00000000	0.04993175
1534.00000000	0.04992756
1535.00000000	0.04992338
1536.00000000	0.04991920
1537.00000000	0.04991502
1538.00000000	0.04991085
1539.00000000	0.04990669
1540.00000000	0.04990253
1541.00000000	0.04989838
1542.00000000	0.04989423
1543.00000000	0.04989009
1544.00000000	0.04988595
1545.00000000	0.04988182
1546.00000000	0.04987769
1547.00000000	0.04987357
1548.00000000	0.04986945
1549.00000000	0.04986534
1550.00000000	0.04986123
1551.00000000	0.04985713
1552.00000000	0.04985303
1553.00000000	0.04984894
1554.00000000	0.04984486
1555.00000000	0.04984078
1556.00000000	0.04983670
1557.00000000	0.04983263
1558.00000000	0.04982856
1559.00000000	0.04982450
1560.00000000	0.04982045
1561.00000000	0.04981640
1562.00000000	0.04981235
1563.00000000	0.04980831
1564.00000000	0.04980428
1565.00000000	0.04980025
1566.00000000	0.04979622
1567.00000000	0.04979220
1568.00000000	0.04978818
1569.00000000	0.04978417
1570.00000000	0.04978017
1571.00000000	0.04977617
1572.00000000	0.04977217
1573.00000000	0.04976818
1574.00000000	0.04976420
1575.00000000	0.04976022
1576.00000000	0.04975624
1577.00000000	0.04975227
1578.00000000	0.04974830
1579.00000000	0.04974434
1580.00000000	0.04974038
1581.00000000	0.04973643
1582.00000000	0.04973249
1583.00000000	0.04972854
1584.00000000	0.04972461
1585.00000000	0.04972068
1586.00000000	0.04971675
1587.00000000	0.04971283
1588.00000000	0.04970891
1589.00000000	0.04970500
1590.00000000	0.04970109
1591.00000000	0.04969718
1592.00000000	0.04969329
1593.00000000	0.04968939
1594.00000000	0.04968550
1595.00000000	0.04968162
1596.00000000	0.04967774
1597.00000000	0.04967386
1598.00000000	0.04966999
1599.00000000	0.04966613
1600.00000000	0.04966227
1601.00000000	0.04965841
1602.00000000	0.04965456
1603.00000000	0.04965071
1604.00000000	0.04964687
1605.00000000	0.04964303
1606.00000000	0.04963920
1607.00000000	0.04963537
1608.00000000	0.04963155
1609.00000000	0.04962773
1610.00000000	0.04962392
1611.00000000	0.04962011
1612.00000000	0.04961630
1613.00000000	0.04961250
1614.00000000	0.04960870
1615.00000000	0.04960491
1616.00000000	0.04960113
1617.00000000	0.04959734
1618.00000000	0.04959357
1619.00000000	0.04958979
1620.00000000	0.04958602
1621.00000000	0.04958226
1622.00000000	0.04957850
1623.00000000	0.04957475
1624.00000000	0.04957099
1625.00000000	0.04956725
1626.00000000	0.04956351
1627.00000000	0.04955977
1628.00000000	0.04955604
1629.00000000	0.04955231
1630.00000000	0.04954859
1631.00000000	0.04954487
1632.00000000	0.04954115
1633.00000000	0.04953744
1634.00000000	0.04953373
1635.00000000	0.04953003
1636.00000000	0.04952634
1637.00000000	0.04952264
1638.00000000	0.04951895
1639.00000000	0.04951527
1640.00000000	0.04951159
1641.00000000	0.04950791
1642.00000000	0.04950424
1643.00000000	0.04950058
1644.00000000	0.04949691
1645.00000000	0.04949326
1646.00000000	0.04948960
1647.00000000	0.04948595
1648.00000000	0.04948231
1649.00000000	0.04947867
1650.00000000	0.04947503
1651.00000000	0.04947140
1652.00000000	0.04946777
1653.00000000	0.04946415
1654.00000000	0.04946053
1655.00000000	0.04945691
1656.00000000	0.04945330
1657.00000000	0.04944970
1658.00000000	0.04944609
1659.00000000	0.04944249
1660.00000000	0.04943890
1661.00000000	0.04943531
1662.00000000	0.04943173
1663.00000000	0.04942814
1664.00000000	0.04942457
1665.00000000	0.04942099
1666.00000000	0.04941743
1667.00000000	0.04941386
1668.00000000	0.04941030
1669.00000000	0.04940674
1670.00000000	0.04940319
1671.00000000	0.04939964
1672.00000000	0.04939610
1673.00000000	0.04939256
1674.00000000	0.04938902
1675.00000000	0.04938549
1676.00000000	0.04938196
1677.00000000	0.04937844
1678.00000000	0.04937492
1679.00000000	0.04937141
1680.00000000	0.04936790
1681.00000000	0.04936439
1682.00000000	0.04936089
1683.00000000	0.04935739
1684.00000000	0.04935389
1685.00000000	0.04935040
1686.00000000	0.04934691
1687.00000000	0.04934343
1688.00000000	0.04933995
1689.00000000	0.04933648
1690.00000000	0.04933301
1691.00000000	0.04932954
1692.00000000	0.04932608
1693.00000000	0.04932262
1694.00000000	0.04931916
1695.00000000	0.04931571
1696.00000000	0.04931226
1697.00000000	0.04930882
1698.00000000	0.04930538
1699.00000000	0.04930195
1700.00000000	0.04929852
1701.00000000	0.04929509
1702.00000000	0.04929167
1703.00000000	0.04928825
1704.00000000	0.04928483
1705.00000000	0.04928142
1706.00000000	0.04927801
1707.00000000	0.04927461
1708.00000000	0.04927121
1709.00000000	0.04926781
1710.00000000	0.04926442
1711.00000000	0.04926103
1712.00000000	0.04925765
1713.00000000	0.04925426
1714.00000000	0.04925089
1715.00000000	0.04924751
1716.00000000	0.04924415
1717.00000000	0.04924078
1718.00000000	0.04923742
1719.00000000	0.04923406
1720.00000000	0.04923071
1721.00000000	0.04922736
1722.00000000	0.04922401
1723.00000000	0.04922067
1724.00000000	0.04921733
1725.00000000	0.04921399
1726.00000000	0.04921066
1727.00000000	0.04920733
1728.00000000	0.04920401
1729.00000000	0.04920069
1730.00000000	0.04919737
1731.00000000	0.04919406
1732.00000000	0.04919075
1733.00000000	0.04918745
1734.00000000	0.04918415
1735.00000000	0.04918085
1736.00000000	0.04917755
1737.00000000	0.04917426
1738.00000000	0.04917098
1739.00000000	0.04916769
1740.00000000	0.04916442
1741.00000000	0.04916114
1742.00000000	0.04915787
1743.00000000	0.04915460
1744.00000000	0.04915133
1745.00000000	0.04914807
1746.00000000	0.04914482
1747.00000000	0.04914156
1748.00000000	0.04913831
1749.00000000	0.04913507
1750.00000000	0.04913182
1751.00000000	0.04912858
1752.00000000	0.04912535
1753.00000000	0.04912212
1754.00000000	0.04911889
1755.00000000	0.04911566
1756.00000000	0.04911244
1757.00000000	0.04910922
1758.00000000	0.04910601
1759.00000000	0.04910280
1760.00000000	0.04909959
1761.00000000	0.04909639
1762.00000000	0.04909319
1763.00000000	0.04908999
1764.00000000	0.04908680
1765.00000000	0.04908361
1766.00000000	0.04908042
1767.00000000	0.04907724
1768.00000000	0.04907406
1769.00000000	0.04907089
1770.00000000	0.04906771
1771.00000000	0.04906455
1772.00000000	0.04906138
1773.00000000	0.04905822
1774.00000000	0.04905506
1775.00000000	0.04905191
1776.00000000	0.04904876
1777.00000000	0.04904561
1778.00000000	0.04904246
1779.00000000	0.04903932
1780.00000000	0.04903619
1781.00000000	0.04903305
1782.00000000	0.04902992
1783.00000000	0.04902679
1784.00000000	0.04902367
1785.00000000	0.04902055
1786.00000000	0.04901743
1787.00000000	0.04901432
1788.00000000	0.04901121
1789.00000000	0.04900810
1790.00000000	0.04900500
1791.00000000	0.04900190
1792.00000000	0.04899880
1793.00000000	0.04899571
1794.00000000	0.04899262
1795.00000000	0.04898954
1796.00000000	0.04898645
1797.00000000	0.04898337
1798.00000000	0.04898030
1799.00000000	0.04897722
1800.00000000	0.04897415
1801.00000000	0.04897109
1802.00000000	0.04896802
1803.00000000	0.04896496
1804.00000000	0.04896191
1805.00000000	0.04895885
1806.00000000	0.04895580
1807.00000000	0.04895276
1808.00000000	0.04894971
1809.00000000	0.04894667
1810.00000000	0.04894364
1811.00000000	0.04894060
1812.00000000	0.04893757
1813.00000000	0.04893455
1814.00000000	0.04893152
1815.00000000	0.04892850
1816.00000000	0.04892549
1817.00000000	0.04892247
1818.00000000	0.04891946
1819.00000000	0.04891645
1820.00000000	0.04891345
1821.00000000	0.04891045
1822.00000000	0.04890745
1823.00000000	0.04890446
1824.00000000	0.04890146
1825.00000000	0.04889848
1826.00000000	0.04889549
1827.00000000	0.04889251
1828.00000000	0.04888953
1829.00000000	0.04888655
1830.00000000	0.04888358
1831.00000000	0.04888061
1832.00000000	0.04887765
1833.00000000	0.04887468
1834.00000000	0.04887172
1835.00000000	0.04886877
1836.00000000	0.04886581
1837.00000000	0.04886286
1838.00000000	0.04885992
1839.00000000	0.04885697
1840.00000000	0.04885403
1841.00000000	0.04885109
1842.00000000	0.04884816
1843.00000000	0.04884523
1844.00000000	0.04884230
1845.00000000	0.04883937
1846.00000000	0.04883645
1847.00000000	0.04883353
1848.00000000	0.04883062
1849.00000000	0.04882770
1850.00000000	0.04882479
1851.00000000	0.04882188
1852.00000000	0.04881898
1853.00000000	0.04881608
1854.00000000	0.04881318
1855.00000000	0.04881029
1856.00000000	0.04880740
1857.00000000	0.04880451
1858.00000000	0.04880162
1859.00000000	0.04879874
1860.00000000	0.04879586
1861.00000000	0.04879298
1862.00000000	0.04879011
1863.00000000	0.04878724
1864.00000000	0.04878437
1865.00000000	0.04878151
1866.00000000	0.04877864
1867.00000000	0.04877579
1868.00000000	0.04877293
1869.00000000	0.04877008
1870.00000000	0.04876723
1871.00000000	0.04876438
1872.00000000	0.04876154
1873.00000000	0.04875870
1874.00000000	0.04875586
1875.00000000	0.04875302
1876.00000000	0.04875019
1877.00000000	0.04874736
1878.00000000	0.04874454
1879.00000000	0.04874171
1880.00000000	0.04873889
1881.00000000	0.04873608
1882.00000000	0.04873326
1883.00000000	0.04873045
1884.00000000	0.04872764
1885.00000000	0.04872484
1886.00000000	0.04872203
1887.00000000	0.04871923
1888.00000000	0.04871644
1889.00000000	0.04871364
1890.00000000	0.04871085
1891.00000000	0.04870806
1892.00000000	0.04870528
1893.00000000	0.04870250
1894.00000000	0.04869972
1895.00000000	0.04869694
1896.00000000	0.04869416
1897.00000000	0.04869139
1898.00000000	0.04868863
1899.00000000	0.04868586
1900.00000000	0.04868310
1901.00000000	0.04868034
1902.00000000	0.04867758
1903.00000000	0.04867483
1904.00000000	0.04867208
1905.00000000	0.04866933
1906.00000000	0.04866658
1907.00000000	0.04866384
1908.00000000	0.04866110
1909.00000000	0.04865836
1910.00000000	0.04865563
1911.00000000	0.04865289
1912.00000000	0.04865017
1913.00000000	0.04864744
1914.00000000	0.04864472
1915.00000000	0.04864200
1916.00000000	0.04863928
1917.00000000	0.04863656
1918.00000000	0.04863385
1919.00000000	0.04863114
1920.00000000	0.04862843
1921.00000000	0.04862573
1922.00000000	0.04862303
1923.00000000	0.04862033
1924.00000000	0.04861764
1925.00000000	0.04861494
1926.00000000	0.04861225
1927.00000000	0.04860956
1928.00000000	0.04860688
1929.00000000	0.04860420
1930.00000000	0.04860152
1931.00000000	0.04859884
1932.00000000	0.04859617
1933.00000000	0.04859350
1934.00000000	0.04859083
1935.00000000	0.04858816
1936.00000000	0.04858550
1937.00000000	0.04858284
1938.00000000	0.04858018
1939.00000000	0.04857752
1940.00000000	0.04857487
1941.00000000	0.04857222
1942.00000000	0.04856958
1943.00000000	0.04856693
1944.00000000	0.04856429
1945.00000000	0.04856165
1946.00000000	0.04855901
1947.00000000	0.04855638
1948.00000000	0.04855375
1949.00000000	0.04855112
1950.00000000	0.04854849
1951.00000000	0.04854587
1952.00000000	0.04854325
1953.00000000	0.04854063
1954.00000000	0.04853801
1955.00000000	0.04853540
1956.00000000	0.04853279
1957.00000000	0.04853018
1958.00000000	0.04852758
1959.00000000	0.04852498
1960.00000000	0.04852238
1961.00000000	0.04851978
1962.00000000	0.04851718
1963.00000000	0.04851459
1964.00000000	0.04851200
1965.00000000	0.04850941
1966.00000000	0.04850683
1967.00000000	0.04850425
1968.00000000	0.04850167
1969.00000000	0.04849909
1970.00000000	0.04849652
1971.00000000	0.04849395
1972.00000000	0.04849138
1973.00000000	0.04848881
1974.00000000	0.04848625
1975.00000000	0.04848368
1976.00000000	0.04848113
1977.00000000	0.04847857
1978.00000000	0.04847602
1979.00000000	0.04847346
1980.00000000	0.04847091
1981.00000000	0.04846837
1982.00000000	0.04846582
1983.00000000	0.04846328
1984.00000000	0.04846074
1985.00000000	0.04845821
1986.00000000	0.04845567
1987.00000000	0.04845314
1988.00000000	0.04845061
1989.00000000	0.04844809
1990.00000000	0.04844556
1991.00000000	0.04844304
1992.00000000	0.04844052
1993.00000000	0.04843801
1994.00000000	0.04843549
1995.00000000	0.04843298
1996.00000000	0.04843047
1997.00000000	0.04842796
1998.00000000	0.04842546
1999.00000000	0.04842296
2000.00000000	0.04842046
